7       0       0.105333333333333
8       U       0.180666666666667
9       _       0.128666666666667
10      D       0.128666666666667
11      R       0.128666666666667
12      O       0.128666666666667
13      M       0.128666666666667
14      E       0.128666666666667
15              0.128666666666667
16              0.128666666666667
17              0.128666666666667
18              0.0766666666666667
19              -0.0506666666666667
20              -0.0506666666666667
21              0.0553333333333333
22              0.127333333333333
23              0.127333333333333
24              0.127333333333333
25              0.127333333333333
26              0.127333333333333
27              0.127333333333333
28              0.127333333333333
29      R       0.127333333333333
30      e       0.127333333333333
31      v       0.127333333333333
32      i       0.127333333333333
33      e       0.127333333333333
34      w       0.127333333333333
35      e       0.127333333333333
36      d       0.127333333333333
37      ;       0
38              0
39              0
40              0
41              0
42              0
43              0
44              0.00666666666666667
45              0.0133333333333333
46              0.0133333333333333
47      2       0.0133333333333333